940
801
925
249
869
189
518
915
698
457
582
898
801
64
430
904
611
109
121
596
661
629
22
843
841
973
183
5
97
245
992
496
84
396
142
657
387
238
483
48
545
40
568
459
318
395
221
366
854
429
826
965
801
222
714
99
23
318
884
632
767
216
948
167
475
343
406
103
958
450
433
681
192
827
56
796
671
775
464
578
522
165
944
191
405
452
97
647
602
144
370
481
393
151
627
689
754
514
756
879
196
909
603
852
379
888
58
825
257
536
745
592
276
843
905
205
232
952
400
427
368
320
714
969
561
341
310
842
600
550
180
858
876
821
464
387
53
863
618
878
495
607
293
893
944
708
946
341
902
826
806
845
33
900
424
267
926
627
333
620
575
80
727
138
897
356
465
686
130
485
279
39
729
696
622
748
450
448
3
226
502
317
952
389
977
515
163
277
153
889
919
493
355
789
360
310
888
325
949
412
411
961
103
350
403
459
454
749
853
665
436
151
298
844
270
467
256
307
845
467
495
719
690
306
536
232
71
469
775
606
421
389
274
129
90
682
22
708
648
284
182
110
691
978
276
557
527
403
338
803
860
600
535
598
495
875
669
470
314
798
532
530
115
184
592
366
833
158
739
902
937
667
490
547
93
862
377
556
880
535
713
12
401
930
727
660
199
850
716
707
101
8
421
160
546
109
391
651
889
14
138
547
743
844
844
223
531
961
431
600
915
684
946
522
169
990
45
454
4
413
327
819
793
177
100
1000
163
112
744
257
472
146
657
641
990
779
756
334
325
155
46
233
542
314
721
69
270
570
868
989
873
758
887
602
459
708
697
504
919
371
568
540
344
831
899
7
442
704
275
989
398
360
162
418
877
734
689
579
390
267
637
71
183
171
588
142
282
271
961
226
901
420
243
257
493
154
105
63
142
667
738
151
609
636
836
629
945
713
579
439
1
618
485
92
811
808
144
758
440
742
876
991
56
702
517
569
562
513
700
951
207
664
667
872
16
816
407
627
212
917
172
941
499
635
287
352
917
433
497
973
291
650
816
813
113
351
471
877
875
234
952
358
343
230
685
417
54
665
624
904
420
90
908
154
180
907
124
175
843
215
990
318
440
157
33
456
297
855
266
4
922
405
817
791
7
431
435
146
878
449
301
792
134
871
417
209
60
413
259
539
997
9
47
427
560
32
915
304
375
76
844
389
266
889
918
183
344
17
152
413
509
680
502
985
454
705
598
112
196
720
377
289
396
437
791
633
255
696
870
926
512
416
383
151
991
144
370
820
868
341
637
242
702
459
925
50
174
914
535
847
908
268
226
148
159
272
891
276
547
204
818
47
531
242
287
138
577
430
797
269
399
27
455
892
68
291
992
746
550
790
805
605
325
506
542
390
669
731
490
505
558
462
309
341
883
480
150
789
277
161
808
681
662
812
507
702
288
422
459
756
452
57
150
273
241
860
370
212
332
694
912
844
771
28
749
114
64
673
17
316
96
579
787
544
567
220
440
923
695
693
531
447
265
254
791
456
813
605
288
534
759
527
936
793
720
964
989
264
370
246
972
211
467
505
826
102
15
131
706
414
813
607
67
860
386
1000
917
708
559
357
200
657
494
473
72
377
848
575
907
741
952
459
755
973
16
476
557
348
980
8
443
561
58
920
509
209
844
730
454
637
401
708
120
502
257
676
579
481
465
592
773
578
991
950
120
370
900
832
338
80
368
426
560
144
174
53
5
563
464
423
789
624
909
215
859
421
664
384
767
538
246
987
342
127
284
779
639
580
40
805
492
296
536
270
604
925
969
750
307
401
999
234
280
15
700
508
529
219
981
596
949
318
429
722
260
434
775
725
391
524
41
983
585
236
290
367
462
451
907
446
203
141
246
385
801
170
52
579
877
631
557
42
330
837
356
696
243
198
10
739
579
462
668
39
723
909
953
376
203
240
116
337
339
453
715
611
578
379
96
9
782
808
660
229
607
419
764
416
654
437
164
791
224
224
196
634
828
288
746
587
976
157
478
460
383
83
900
276
56
38
340
348
817
42
827
841
904
758
799
527
575
134
932
902
328
651
61
336
326
940
221
550
675
735
239
995
35
850
852
845
555
51
494
531
414
530
77
789
980
604
369
641
600
551
822
485
790
355
512
978
290
480
70
91
604
663
13
194
669
568
498
915
15
228
111
233
66
634
469
592
172
391
91
463
245
795
415
365
599
448
122
946
433
570
580
289
26
280
778
735
502
794
764
903
358
227
927
812
400
47
614
49
174
238
52
845
105
997
121
190
